1,143,121.5,1126.5126475,143
2,85,109.333333333333,1013.47250033333,85
3,128,114,1056.830365,128
4,70,105.2,975.0698202,70
5,113,107.8,999.2263448,113
6,55,90.2,835.7052552,55
7,98,92.8,859.8617798,98
8,140,95.2,882.1601102,140
9,83,97.8,906.3166348,83
10,125,100.2,928.6149652,125
11,68,102.8,952.7714898,68
12,111,105.4,976.9280144,111
13,53,88,815.265119,53
14,96,90.6,839.4216436,96
15,138,93.2,863.5781682,138
16,81,95.8,887.7346928,81
17,123,98.2,910.0330232,123
18,66,100.8,934.1895478,66
19,108,103.2,956.4878782,108
20,51,85.8,794.8249828,51
21,93,88.2,817.1233132,93
22,136,90.8,841.2798378,136
23,78,93.2,863.5781682,78
24,121,95.8,887.7346928,121
25,63,98.2,910.0330232,63
26,106,100.8,934.1895478,106
27,149,103.4,958.3460724,149
28,91,106,982.502597,91
29,134,108.6,1006.6591216,134
30,76,111.2,1030.8156462
31,119,113.8,1054.9721708
32,61,96.2,891.4510812
33,104,98.8,915.6076058
34,146,101.2,937.9059362
35,89,103.8,962.0624608
36,131,106.2,984.3607912
37,74,108.8,1008.5173158
38,116,111.2,1030.8156462
39,59,93.8,869.1527508
40,101,96.2,891.4510812
41,144,98.8,915.6076058
42,86,101.2,937.9059362
43,129,103.8,962.0624608
44,72,106.4,986.2189854
45,114,109,1010.37551
46,57,91.6,848.7126146
47,99,94.2,872.8691392
48,142,96.8,897.0256638
49,84,99.2,919.3239942
50,127,101.8,943.4805188
51,69,104.2,965.7788492
52,112,106.8,989.9353738
53,54,89.2,826.4142842
54,97,91.8,850.5708088
55,139,94.2,872.8691392
56,82,96.8,897.0256638
57,124,99.2,919.3239942
58,67,101.8,943.4805188
