1,100,78.5,727.0008945
2,142,99.6666666666667,923.659780666667
3,85,96,889.592887
4,128,102.4,949.0551014
5,70,105,973.211626
6,113,107.6,997.3681506
,1137,55,90.2,835.7052552
8,98,92.8,859.8617798
9,140,95.2,882.1601102
,14010,83,97.8,906.3166348
11,125,100.2,928.6149652
12,68,102.8,952.7714898
,6813,110,105.2,975.0698202
14,53,87.8,813.4069248
15,95,90.2,835.7052552
16,138,92.8,859.8617798
,13817,80,95.2,882.1601102
18,123,97.8,906.3166348
,12319,65,100.2,928.6149652
20,108,102.8,952.7714898
,10821,51,85.4,791.1085944
,5122,93,88,815.265119
,9323,136,90.6,839.4216436
24,78,93.2,863.5781682
,7825,121,95.8,887.7346928
26,63,98.2,910.0330232
,6327,106,100.8,934.1895478
28,148,103.2,956.4878782
,14829,91,105.8,980.6444028
30,133,108.2,1002.9427332
