1,138,117,1084.703278
2,81,105,973.211626,81
3,123,109.5,1015.0209955
4,66,100.8,934.1895478
5,108,103.2,956.4878782
6,51,85.8,794.8249828
7,94,88.4,818.9815074
8,136,91,843.138032
9,79,93.6,867.2945566
10,121,96.2,891.4510812
11,64,98.8,915.6076058
12,106,101.2,937.9059362
13,149,103.8,962.0624608,149
14,91,106.2,984.3607912
15,134,108.8,1008.5173158
16,76,111.2,1030.8156462
17,119,113.8,1054.9721708
18,61,96.2,891.4510812
19,104,98.8,915.6076058
20,146,101.2,937.9059362,146
21,89,103.8,962.0624608
22,132,106.4,986.2189854
23,74,109,1010.37551
24,117,111.6,1034.5320346
25,59,94.2,872.8691392,59
26,102,96.8,897.0256638
27,144,99.2,919.3239942
28,87,101.8,943.4805188
29,129,104.2,965.7788492
30,72,106.8,989.9353738,72
31,114,109.2,1012.2337042
32,57,91.8,850.5708088
33,99,94.2,872.8691392
